

----------------------------------------------------
STRUCTURE by Pritchard, Stephens and Donnelly (2000)
     and Falush, Stephens and Pritchard (2003)
       Code by Pritchard, Falush and Hubisz
             Version 2.3.2.1 (Oct 2009)
----------------------------------------------------



Command line arguments:   structure -e extraparams_admix_corre -K 3 -o output_admix_corre/output_admix_corre_K3_1 
Input File:    input.txt

Run parameters:
   120 individuals
   11 loci
   3 populations assumed
   10000000 Burn-in period
   20000000 Reps


--------------------------------------------
Overall proportion of membership of the
sample in each of the 3 clusters

Inferred Clusters
  1      2      3    
0.435  0.127  0.438  

--------------------------------------------

Allele-freq. divergence among pops (Net nucleotide distance),
computed using point estimates of P.

      1       2       3      
 1      -    0.0721  0.0002  
 2   0.0721     -    0.0691  
 3   0.0002  0.0691     -    

Average distances (expected heterozygosity) between individuals in same cluster:
cluster  1  : 0.7679 
cluster  2  : 0.6798 
cluster  3  : 0.7732 

--------------------------------------------
Estimated Ln Prob of Data   = -4320.0
Mean value of ln likelihood = -4192.2
Variance of ln likelihood   = 255.6
Mean value of alpha         = 0.0419

Mean value of Fst_1         = 0.0324
Mean value of Fst_2         = 0.2093
Mean value of Fst_3         = 0.0253


Inferred ancestry of individuals:
     (%Miss) :  Inferred clusters
  1    (0)   :  0.009 0.981 0.009 
  2    (0)   :  0.010 0.979 0.011 
  3    (0)   :  0.006 0.988 0.006 
  4    (0)   :  0.005 0.990 0.005 
  5    (0)   :  0.009 0.981 0.009 
  6    (9)   :  0.017 0.967 0.016 
  7    (0)   :  0.009 0.982 0.009 
  8    (0)   :  0.042 0.920 0.038 
  9    (0)   :  0.008 0.984 0.008 
 10    (0)   :  0.010 0.980 0.010 
 11    (0)   :  0.006 0.988 0.006 
 12    (0)   :  0.015 0.969 0.016 
 13    (9)   :  0.187 0.658 0.155 
 14    (0)   :  0.006 0.987 0.006 
 15    (9)   :  0.448 0.010 0.541 
 16   (27)   :  0.434 0.015 0.551 
 17   (18)   :  0.466 0.006 0.528 
 18    (9)   :  0.501 0.017 0.482 
 19    (9)   :  0.478 0.021 0.502 
 20    (0)   :  0.448 0.014 0.537 
 21    (0)   :  0.475 0.004 0.521 
 22    (9)   :  0.444 0.041 0.515 
 23    (9)   :  0.567 0.007 0.426 
 24    (9)   :  0.436 0.014 0.550 
 25   (36)   :  0.440 0.027 0.533 
 26   (27)   :  0.497 0.042 0.461 
 27    (9)   :  0.500 0.006 0.493 
 28   (27)   :  0.442 0.009 0.549 
 29   (27)   :  0.500 0.025 0.475 
 30    (0)   :  0.458 0.009 0.533 
 31    (0)   :  0.438 0.021 0.541 
 32    (0)   :  0.561 0.003 0.436 
 33    (0)   :  0.564 0.008 0.428 
 34    (0)   :  0.517 0.008 0.475 
 35    (0)   :  0.560 0.004 0.436 
 36   (18)   :  0.548 0.009 0.443 
 37    (0)   :  0.553 0.010 0.437 
 38    (0)   :  0.555 0.009 0.436 
 39    (0)   :  0.561 0.012 0.428 
 40    (0)   :  0.548 0.006 0.446 
 41    (0)   :  0.524 0.065 0.411 
 42   (36)   :  0.469 0.028 0.503 
 43    (0)   :  0.489 0.011 0.501 
 44    (0)   :  0.528 0.009 0.462 
 45    (0)   :  0.523 0.011 0.466 
 46    (0)   :  0.475 0.031 0.495 
 47    (0)   :  0.454 0.014 0.532 
 48    (0)   :  0.560 0.008 0.432 
 49    (0)   :  0.529 0.023 0.448 
 50    (0)   :  0.502 0.009 0.489 
 51    (0)   :  0.515 0.011 0.474 
 52    (0)   :  0.456 0.008 0.536 
 53    (0)   :  0.455 0.043 0.502 
 54    (9)   :  0.568 0.008 0.424 
 55    (0)   :  0.573 0.005 0.423 
 56    (0)   :  0.572 0.004 0.424 
 57    (0)   :  0.545 0.016 0.439 
 58    (0)   :  0.566 0.007 0.427 
 59    (0)   :  0.512 0.037 0.451 
 60    (0)   :  0.457 0.015 0.528 
 61    (0)   :  0.491 0.043 0.467 
 62    (0)   :  0.533 0.009 0.457 
 63    (9)   :  0.494 0.039 0.467 
 64    (0)   :  0.564 0.009 0.426 
 65    (9)   :  0.557 0.008 0.434 
 66    (0)   :  0.533 0.008 0.458 
 67    (0)   :  0.518 0.008 0.474 
 68    (0)   :  0.572 0.005 0.424 
 69    (0)   :  0.467 0.008 0.525 
 70    (9)   :  0.570 0.005 0.425 
 71   (18)   :  0.489 0.037 0.474 
 72    (9)   :  0.550 0.020 0.430 
 73    (0)   :  0.569 0.006 0.425 
 74    (0)   :  0.550 0.006 0.444 
 75    (0)   :  0.495 0.023 0.482 
 76   (18)   :  0.568 0.006 0.426 
 77    (0)   :  0.469 0.012 0.520 
 78    (0)   :  0.540 0.008 0.452 
 79    (9)   :  0.478 0.087 0.435 
 80    (0)   :  0.486 0.004 0.510 
 81   (27)   :  0.505 0.014 0.481 
 82   (27)   :  0.514 0.012 0.474 
 83    (0)   :  0.427 0.008 0.566 
 84    (0)   :  0.419 0.078 0.503 
 85    (0)   :  0.522 0.007 0.470 
 86   (36)   :  0.507 0.022 0.472 
 87    (9)   :  0.443 0.009 0.548 
 88    (0)   :  0.426 0.028 0.546 
 89    (9)   :  0.455 0.007 0.538 
 90   (18)   :  0.442 0.021 0.536 
 91    (0)   :  0.447 0.014 0.539 
 92    (0)   :  0.452 0.038 0.510 
 93   (27)   :  0.435 0.052 0.513 
 94   (27)   :  0.493 0.008 0.498 
 95    (9)   :  0.449 0.026 0.525 
 96   (18)   :  0.424 0.019 0.557 
 97   (18)   :  0.532 0.024 0.444 
 98   (18)   :  0.470 0.011 0.518 
 99   (18)   :  0.447 0.031 0.522 
100   (27)   :  0.437 0.019 0.544 
101   (36)   :  0.494 0.010 0.496 
102   (18)   :  0.421 0.014 0.566 
103   (27)   :  0.425 0.027 0.548 
104    (9)   :  0.449 0.011 0.540 
105    (0)   :  0.500 0.012 0.488 
106    (9)   :  0.500 0.007 0.493 
107    (9)   :  0.416 0.022 0.562 
108    (9)   :  0.438 0.009 0.553 
109    (0)   :  0.441 0.005 0.554 
110    (9)   :  0.424 0.006 0.570 
111   (18)   :  0.418 0.037 0.545 
112   (18)   :  0.434 0.021 0.545 
113   (27)   :  0.425 0.004 0.571 
114   (27)   :  0.450 0.018 0.532 
115    (0)   :  0.421 0.013 0.566 
116   (36)   :  0.443 0.019 0.538 
117   (36)   :  0.453 0.029 0.518 
118    (0)   :  0.421 0.015 0.564 
119    (0)   :  0.442 0.062 0.497 
120   (18)   :  0.453 0.047 0.500 


Estimated Allele Frequencies in each cluster
First column gives estimated ancestral frequencies


Locus 1 : 
17 alleles
1.7% missing data
 172   (0.105) 0.113 0.079 0.113 
 184   (0.206) 0.180 0.445 0.188 
 200   (0.018) 0.009 0.066 0.011 
 188   (0.128) 0.273 0.112 0.232 
 180   (0.100) 0.090 0.078 0.093 
 176   (0.101) 0.073 0.175 0.080 
 192   (0.060) 0.041 0.008 0.046 
 220   (0.036) 0.030 0.005 0.032 
 168   (0.055) 0.050 0.007 0.053 
 216   (0.023) 0.035 0.003 0.032 
 196   (0.035) 0.021 0.005 0.025 
 208   (0.013) 0.007 0.002 0.008 
 212   (0.013) 0.008 0.002 0.008 
 244   (0.013) 0.011 0.002 0.011 
 164   (0.030) 0.016 0.004 0.020 
 160   (0.050) 0.035 0.008 0.039 
 224   (0.013) 0.007 0.002 0.008 

Locus 2 : 
4 alleles
6.7% missing data
 180   (0.794) 0.797 0.748 0.797 
 182   (0.170) 0.167 0.247 0.168 
 178   (0.022) 0.028 0.003 0.025 
 184   (0.015) 0.009 0.002 0.010 

Locus 3 : 
12 alleles
6.7% missing data
 201   (0.054) 0.045 0.249 0.047 
 213   (0.028) 0.014 0.100 0.017 
 211   (0.091) 0.097 0.375 0.095 
 215   (0.020) 0.010 0.067 0.012 
 209   (0.157) 0.155 0.116 0.156 
 203   (0.176) 0.164 0.024 0.168 
 205   (0.260) 0.307 0.038 0.296 
 193   (0.014) 0.008 0.002 0.009 
 199   (0.076) 0.075 0.011 0.076 
 207   (0.088) 0.099 0.013 0.097 
 191   (0.022) 0.019 0.003 0.019 
 195   (0.014) 0.007 0.002 0.009 

Locus 4 : 
15 alleles
5.8% missing data
 187   (0.125) 0.120 0.480 0.122 
 183   (0.095) 0.098 0.204 0.098 
 173   (0.069) 0.070 0.074 0.069 
 179   (0.020) 0.014 0.148 0.015 
 191   (0.111) 0.127 0.015 0.122 
 195   (0.058) 0.040 0.008 0.045 
 205   (0.046) 0.054 0.006 0.052 
 193   (0.078) 0.119 0.012 0.108 
 181   (0.081) 0.076 0.012 0.078 
 185   (0.033) 0.034 0.004 0.034 
 177   (0.056) 0.055 0.007 0.056 
 189   (0.071) 0.069 0.010 0.070 
 175   (0.080) 0.071 0.011 0.073 
 197   (0.058) 0.040 0.008 0.046 
 207   (0.019) 0.011 0.002 0.013 

Locus 5 : 
9 alleles
9.2% missing data
 211   (0.126) 0.081 0.433 0.093 
 199   (0.110) 0.124 0.044 0.120 
 203   (0.137) 0.115 0.177 0.122 
 207   (0.382) 0.438 0.284 0.423 
 215   (0.073) 0.073 0.040 0.074 
 219   (0.044) 0.040 0.006 0.040 
 223   (0.073) 0.099 0.010 0.090 
 195   (0.035) 0.019 0.004 0.023 
 227   (0.021) 0.011 0.003 0.014 

Locus 6 : 
7 alleles
15.0% missing data
 307   (0.310) 0.375 0.525 0.359 
 303   (0.383) 0.393 0.343 0.392 
 311   (0.034) 0.042 0.064 0.038 
 299   (0.080) 0.048 0.043 0.057 
 295   (0.108) 0.086 0.015 0.091 
 291   (0.070) 0.048 0.009 0.054 
 287   (0.016) 0.008 0.002 0.010 

Locus 7 : 
6 alleles
24.2% missing data
 187   (0.206) 0.222 0.276 0.218 
 195   (0.044) 0.026 0.193 0.030 
 191   (0.148) 0.143 0.115 0.145 
 179   (0.334) 0.351 0.256 0.346 
 183   (0.184) 0.174 0.149 0.176 
 175   (0.084) 0.084 0.011 0.085 

Locus 8 : 
8 alleles
9.2% missing data
 219   (0.307) 0.347 0.291 0.336 
 223   (0.320) 0.251 0.571 0.270 
 215   (0.015) 0.007 0.061 0.009 
 227   (0.224) 0.260 0.060 0.252 
 231   (0.061) 0.079 0.008 0.073 
 239   (0.015) 0.008 0.002 0.009 
 235   (0.044) 0.041 0.006 0.041 
 243   (0.015) 0.008 0.002 0.009 

Locus 9 : 
13 alleles
2.5% missing data
 171   (0.085) 0.060 0.219 0.067 
 173   (0.152) 0.135 0.093 0.140 
 175   (0.082) 0.057 0.502 0.062 
 183   (0.202) 0.185 0.097 0.190 
 181   (0.076) 0.164 0.034 0.139 
 179   (0.043) 0.024 0.006 0.030 
 187   (0.024) 0.015 0.003 0.017 
 177   (0.073) 0.052 0.010 0.058 
 165   (0.093) 0.144 0.013 0.132 
 169   (0.058) 0.053 0.009 0.055 
 167   (0.060) 0.082 0.008 0.077 
 189   (0.038) 0.021 0.005 0.025 
 163   (0.014) 0.007 0.002 0.008 

Locus 10 : 
8 alleles
2.5% missing data
 256   (0.053) 0.045 0.105 0.046 
 250   (0.192) 0.255 0.295 0.238 
 252   (0.020) 0.010 0.340 0.012 
 254   (0.352) 0.348 0.208 0.352 
 258   (0.190) 0.179 0.026 0.183 
 248   (0.113) 0.085 0.015 0.092 
 246   (0.066) 0.070 0.009 0.068 
 244   (0.013) 0.007 0.002 0.008 

Locus 11 : 
16 alleles
7.5% missing data
 214   (0.054) 0.053 0.330 0.053 
 218   (0.030) 0.020 0.228 0.022 
 204   (0.014) 0.007 0.030 0.008 
 224   (0.093) 0.069 0.141 0.074 
 226   (0.108) 0.091 0.064 0.096 
 210   (0.062) 0.064 0.092 0.062 
 222   (0.110) 0.098 0.044 0.102 
 220   (0.097) 0.109 0.013 0.106 
 216   (0.115) 0.127 0.015 0.126 
 228   (0.044) 0.093 0.006 0.080 
 212   (0.121) 0.137 0.017 0.134 
 230   (0.074) 0.086 0.011 0.084 
 206   (0.032) 0.020 0.005 0.023 
 208   (0.019) 0.011 0.003 0.013 
 234   (0.014) 0.007 0.002 0.008 
 232   (0.014) 0.007 0.002 0.009 

Values of parameters used in structure:
DATAFILE=input.txt,	OUTFILE=output_admix_corre/output_admix_corre_K3_1,	NUMINDS=120,	NUMLOCI=11,	MISSING=0,	LABEL=0,	POPDATA=0,	POPFLAG=0,	PHENOTYPE=0,	EXTRACOLS=0,	MAXPOPS=3,	BURNIN=10000000,	NUMREPS=20000000,	USEPOPINFO=0,	INFERALPHA=1,	INFERLAMBDA=0,	POPSPECIFICLAMBDA=0,	POPALPHAS=0,	COMPUTEPROB=1,	NOADMIX=0,	ADMBURNIN=500,	UPDATEFREQ=1000,	PRINTLIKES=0,	INTERMEDSAVE=0,	PRINTKLD=0,	PRINTNET=1,	PRINTLAMBDA=1,	ANCESTDIST=0,	NUMBOXES=1000,	ANCESTPINT=0.90000,	GENSBACK=2,	MIGRPRIOR=0.01000,	PRINTQHAT=0,	PRINTQSUM=1,	ALPHA=1.0000,	FREQSCORR=1,	FPRIORMEAN=0.0100,	FPRIORSD=0.0500,	ONEFST=0,	LAMBDA=1.0000,	UNIFPRIORALPHA=1,	ALPHAMAX=10.0000,	ALPHAPRIORA=1.0000,	ALPHAPRIORB=2.0000,	ALPHAPROPSD=0.0250,	STARTATPOPINFO=0,	RANDOMIZE=1,	LINKAGE=0,	METROFREQ=10,	REPORTHITRATE=0,	MARKOVPHASE=0,	PHASED=0,	PLOIDY=2,	PHASEINFO=0	LOCPRIOR=0, 	LOCPRIORINIT=1.000000, 	LOCDATA=0, 	LOCISPOP=0, 	LOCPRIORSTEP=0.100000, 	MAXLOCPRIOR=20.000000, 	SEED=1434705072,	
[STRAT parameters]:    NUMSIMSTATS=1000,	PHENOTYPECOL=-9,	POOLFREQ=10,	LOCUSxONLY=0,	EMERROR=0.00100,	MISSINGPHENO=-9,	